88.06
98.92
85.6
84.9
63.45
110.89
110.14
98.53
95.73
94.39
52.69
94.12
110.86
54.7
82.19
111.53
122.45
119.51
98.67
85.93
86.64
95.44
82.96
77.57
85.05
84.68
89.02
101.34
65.83
90.1
126.59
109.09
103.08
111.11
91.93
102.69
110.52
49.45
64.65
93.26
80.36
100.24
116.93
84.74
75.25
88.98
77.44
67.06
97.49
63.7
104.43
79.64
83.33
104.24
76.18
84.44
90.41
108.2
63.64
73.94
67.19
69.47
76.67
56.43
96.36
118.6
66.45
61.23
62.19
61.11
87.16
78.45
94.07
71.26
98.85
79.57
94.93
83.48
62.66
83.99
69.36
80.35
71.48
75.37
93.22
69.82
100.07
71.18
77.79
91.58
77.05
90.8
90.5
54.17
95.03
83.57
97.44
62.94
70.15
80.97
84.67
74.14
75.45
50.55
94.71
71.39
66.04
77.51
78.54
88.22
67.82
87.07
76.67
68.47
70.03
82.95
63.42
76.78
54.33
74.07
79.2
78.24
76.73
59.7
68.73
76.92
59.07
82.72
81.96
58.78
75.39
74.55
67.39
79.64
81.51
91.88
81.97
47.73
89.21
71.15
99.76
71.52
74.05
60.93
62.53
77.11
71.67
86.97
67.02
70.49
69.54
85.47
109.89
95.7
68.05
74.0
102.85
20.18
30.85
92.54
81.77
76.92
75.08
75.76
73.9
81.34
66.5
97.84
87.03
72.69
68.49
31.93
80.89
94.29
62.83
88.75
76.65
107.87
72.89
59.6
84.74
107.38
80.76
74.03
87.75
95.63
73.32
94.2
82.65
91.24
79.11
61.91
58.64
66.42
96.54
91.53
65.38
72.17
74.72
79.55
75.62
90.17
68.34
71.33
87.99
87.15
86.58
97.2
75.05
83.9
78.7
89.9
56.92
67.83
96.15
63.85
78.69
103.73
91.73
79.14
104.91
94.2
106.82
97.45
77.39
71.88
103.9
89.17
73.61
100.81
83.86
83.37
87.41
83.0
65.07
90.29
75.03
55.64
86.11
51.95
75.9
98.49
47.45
82.69
76.02
85.6
95.44
122.4
104.47
85.07
62.47
89.98
83.44
92.8
71.86
84.84
90.11
98.51
88.52
86.13
95.88
63.69
95.98
79.4
98.87
86.83
77.84
89.52
101.73
93.34
86.24
44.23
98.76
70.58
79.65
94.48
89.34
91.87
91.24
82.79
96.83
86.36
89.28
63.1
87.25
89.72
84.18
84.49
69.21
75.42
87.29
73.58
84.02
57.9
91.41
77.25
73.14
97.14
69.12
73.2
82.93
69.26
63.65
64.97
91.6
73.67
60.1
67.32
78.25
74.53
90.56
69.59
71.07
86.41
84.1
74.22
67.35
64.5
92.28
106.5
69.31
82.12
86.8
108.14
75.53
74.12
103.36
100.91
91.29
76.83
71.33
95.42
54.51
57.39
85.47
94.27
61.85
51.36
73.06
71.67
60.69
58.26
64.92
69.75
59.79
54.39
70.99
57.14
60.17
62.48
60.29
61.24
82.73
59.04
58.66
72.66
69.24
68.86
75.3
81.84
88.07
71.22
66.21
74.77
86.47
82.86
83.6
71.15
67.5
78.37
67.87
102.4
67.27
67.72
99.2
63.41
60.53
71.49
71.75
91.51
74.01
79.5
64.99
83.42
98.2
83.08
78.8
69.13
61.13
81.7
82.27
90.29
87.71
74.13
79.4
91.45
77.91
85.99
78.12
99.55
58.14
83.74
78.86
90.86
69.05
69.45
65.34
64.19
94.57
77.69
60.14
63.18
71.37
70.02
68.21
70.96
81.07
99.62
90.78
63.15
70.25
69.93
50.09
70.96
82.24
85.65
83.22
68.79
71.56
69.69
76.44
65.23
81.3
88.21
56.65
70.18
81.03
72.66
87.22
91.8
91.26
61.03
70.71
85.25
69.73
64.82
93.62
60.35
90.49
86.63
77.37
91.51
78.43
96.56
73.61
75.55
62.48
80.75
83.58
84.28
95.02
97.05
83.78
58.43
74.44
80.97
73.14
79.62
68.11
68.9
99.76
72.69
82.97
101.86
58.42
81.2
75.83
65.18
81.15
79.69
69.93
87.87
97.73
64.54
77.24
71.22
62.52
87.15
92.53
85.47
49.22
64.1
76.34
64.04
78.68
77.51
97.28
97.48
74.34
84.24
86.36
72.06
102.38
60.73
91.19
77.43
82.79
82.8
74.72
68.1
79.58
101.15
83.08
53.54
62.26
74.9
73.03
63.06
69.93
75.52
64.03
77.88
71.63
66.04
78.68
71.86
91.13
86.01
86.97
93.72
81.71
87.44
76.83
65.54
91.24
75.64
102.99
93.43
79.49
80.18
77.77
88.58
86.61
76.05
75.59
87.48
62.66
106.03
60.83
76.1
90.91
69.68
70.7
54.63
100.49
106.67
58.18
79.54
61.8
92.1
68.66
88.86
104.13
85.83
90.04
71.81
74.75
87.36
72.31
94.09
67.1
65.23
82.41
53.34
91.41
62.45
94.38
72.19
79.38
95.25
78.42
79.91
82.87
77.09
83.39
89.24
80.29
91.33
78.55
75.11
85.29
87.45
98.67
83.85
79.69
96.99
69.72
97.63
64.98
69.73
84.09
74.78
64.48
56.04
65.5
72.55
63.43
74.08
88.26
89.91
66.93
100.51
67.32
86.07
83.3
102.04
69.58
76.5
83.43
75.27
61.74
57.78
83.05
70.43
80.4
68.1
77.66
82.16
89.41
97.59
78.32
74.37
84.53
76.54
77.35
61.2
64.2
71.82
63.41
97.47
71.85
82.42
86.31
79.03
90.91
87.8
77.8
73.91
87.81
82.3
76.4
113.06
108.31
90.17
62.03
80.23
77.23
83.13
82.19
82.47
96.36
94.02
84.37
89.06
80.91
85.6
65.15
67.7
80.79
75.31
57.32
81.57
61.83
71.59
84.19
70.91
84.71
66.77
65.9
85.01
99.87
87.39
99.09
64.72
68.36
88.51
70.09
96.15
57.94
80.89
80.97
76.58
89.69
85.4
82.26
69.85
81.22
97.47
72.46
85.19
85.73
96.29
88.56
92.13
77.72
99.76
69.53
75.07
70.07
75.55
75.0
67.76
77.44
67.15
84.81
70.35
74.66
73.13
79.2
71.49
78.33
74.75
95.44
60.57
67.11
96.54
65.45
89.56
56.26
75.9
86.72
96.39
77.8
77.69
60.65
90.49
78.95
74.44
98.96
77.98
72.64
82.54
67.45
72.38
66.89
87.91
95.7
80.06
84.4
92.25
70.89
79.1
105.19
87.94
78.69
94.5
64.8
92.04
96.15
104.98
82.12
84.72
61.92
93.29
100.41
82.69
64.38
77.51
73.89
71.97
61.01
88.76
71.11
89.53
102.14
92.39
72.38
72.01
89.19
72.04
51.9
79.71
104.76
86.54
96.66
88.95
76.92
73.86
104.6
76.58
95.42
70.2
85.73
94.93
91.7
80.98
68.55
100.16
99.88
79.29
63.93
72.83
90.6
77.22
82.4
73.17
95.03
92.38
69.86
90.72
116.91
90.23
92.46
65.48
88.4
69.72
90.73
73.57
98.5
77.03
99.41
64.21
83.97
73.41
83.81
77.03
72.11
63.9
84.55
77.08
71.46
55.38
78.32
60.04
67.78
97.81
53.88
79.99
100.26
87.19
75.7
60.84
78.54
63.59
63.21
77.07
77.09
91.1
70.64
76.7
57.01
71.81
65.96
83.39
82.2
70.81
69.22
90.5
75.41
75.21
101.06
95.19
89.68
62.0
81.89
65.8
63.4
75.5
86.11
77.49
74.49
77.18
72.92
90.65
70.78
82.74
83.85
81.49
81.26
70.66
62.52
80.2
85.36
76.24
79.67
96.0
79.57
81.14
89.44
82.71
73.1
71.13
81.17
80.64
80.59
74.62
100.65
60.92
87.12
103.86
75.21
103.45
60.05
96.94
59.45
84.1
85.11
80.75
66.41
87.07
76.8
90.74
63.72
76.57
67.83
99.68
82.3
75.03
95.39
79.77
78.61
95.26
104.18
91.47
97.26
91.3
81.84
72.11
85.66
80.06
68.95
69.06
88.23
85.93
66.41
79.61
92.11
63.29
112.04
84.45
68.25
88.26
97.97
89.05
100.26
88.86
88.76
75.3
67.11
81.61
89.03
93.87
53.99
85.56
83.1
70.66
63.18
62.86
88.89
84.91
68.21
89.93
62.95
80.63
58.71
75.92
114.03
87.48
70.43
80.79
57.32
105.35
89.86
77.13
97.03
86.52
74.17
85.47
84.5
90.74
92.58
90.14
69.42
91.85
97.13
72.7
72.41
80.77
74.36
99.69
64.28
61.73
82.64
88.58
62.44
83.18
87.78
75.75
56.68
77.43
84.87
66.76
68.87
76.18
47.43
63.14
80.46
78.07
88.94
91.37
89.86
91.21
84.89
70.63
80.71
91.0
80.12
88.14
71.34
71.27
82.88
72.07
83.44
69.55
90.09
84.6
49.22
82.06
72.77
84.92
91.82
71.01
64.69
85.28
92.86
82.8
65.76
67.07
83.61
74.83
89.76
73.56
91.54
94.35
88.36
97.77
66.44
85.01
91.95
95.93
95.4
98.76
96.0
99.71
82.58
75.13
95.46
88.87
72.38
97.82
86.79
64.99
88.57
90.42
86.84
84.43
74.13
79.83
77.38
81.81
65.57
79.09
74.4
95.84
75.52
99.85
71.81
91.04
78.37
74.69
83.95
81.57
87.79
93.46
69.21
68.51
74.84
93.78
78.24
79.83
84.29
80.4
90.76
104.72
74.41
70.77
86.13
78.18
81.18
72.3
67.21
70.71
71.39
89.08
84.86
88.76
62.91
84.71
80.28
74.25
95.76
76.8
74.4
92.21
82.42
81.72
64.1
80.82
78.85
94.49
78.34
81.84
86.02
98.74
78.97
86.48
50.97
94.08
71.6
78.83
71.22
70.45
68.64
79.35
78.26
59.93
87.53
60.54
89.42
73.43
81.41
72.0
77.42
94.77
71.82
56.59
63.76
84.1
95.04
82.58
63.38
68.54
87.48
64.05
67.49
94.52
64.74
85.15
71.8
85.62
84.59
74.05
90.13
77.28
63.11
75.07
86.89
95.32
84.12
51.01
69.15
81.03
97.37
103.95
97.96
65.99
92.74
65.1
82.53
93.3
106.14
100.51
76.61
61.87
96.96
57.35
73.0
99.41
77.47
88.96
69.5
90.31
73.41
57.46
66.2
64.57
89.97
68.53
48.64
73.89
83.38
81.44
76.49
60.9
65.16
71.04
72.42
60.77
94.02
86.18
71.28
103.71
81.63
64.46
91.15
86.87
100.15
109.44
109.44
92.24
99.44
93.05
99.84
95.54
67.73
81.32
71.05
90.9
80.98
87.82
93.83
82.45
84.32
91.22
85.54
82.88
99.01
73.93
84.43
95.58
48.21
88.18
80.73
92.52
88.38
98.48
69.93
91.7
90.27
98.66
72.61
87.5
77.21
80.92
80.28
79.68
88.97
75.11
76.6
97.81
82.12
76.22
86.0
91.35
68.54
100.41
70.54
83.98
74.69
99.04
78.3
83.59
102.9
68.2
89.6
76.86
77.97
82.94
87.35
107.93
90.21
72.76
82.04
69.99
93.83
62.5
87.19
63.9
78.53
91.2
49.14
72.22
79.2
57.21
62.91
66.7
61.27
91.22
73.19
83.18
74.61
72.26
70.97
67.32
69.44
56.92
72.86
78.32
67.46
52.95
99.32
70.72
70.19
77.94
60.7
75.68
102.56
75.78
86.47
75.86
74.19
72.99
83.96
86.44
74.14
93.47
100.44
77.74
89.92
83.78
73.18
80.26
74.58
58.4
109.42
74.07
64.0
89.32
96.27
97.94
90.5
90.5
81.8
63.21
98.36
95.24
81.41
66.55
80.53
84.17
82.58
57.33
97.86
98.01
75.58
74.06
79.39
76.92
61.88
60.29
90.24
70.24
75.27
93.34
73.06
84.24
57.36
75.09
80.23
81.63
76.12
73.08
85.22
89.65
65.91
74.34
72.09
97.38
71.79
88.81
80.77
84.62
78.77
64.5
70.03
93.72
76.62
73.17
94.31
67.83
93.46
91.95
87.29
90.95
63.25
75.64
71.57
77.53
76.92
90.28
62.37
66.95
58.08
67.25
69.93
53.85
64.02
63.24
67.19
90.57
83.83
93.21
79.16
92.92
86.46
95.36
72.53
87.22
85.18
80.27
60.02
60.35
70.96
80.62
103.36
84.32
79.2
68.54
84.44
76.33
100.45
93.47
73.39
85.47
62.91
66.27
96.15
90.68
83.53
73.74
60.33
82.31
65.47
82.02
65.63
89.16
80.26
83.9
69.6
73.46
78.56
67.64
66.26
72.59
81.94
83.97
70.46
68.72
71.69
85.97
62.42
84.27
74.22
86.0
97.71
105.16
86.87
62.13
75.79
82.31
78.02
73.84
93.85
73.62
96.15
95.21
88.42
93.38
58.29
73.15
81.29
68.25
83.61
72.03
82.05
68.01
78.14
76.02
75.9
82.83
74.4
78.71
74.32
92.16
83.13
87.91
75.89
85.28
55.34
80.86
64.1
110.14
92.41
65.36
99.14
82.92
75.39
89.03
90.87
82.5
101.47
81.51
77.87
72.35
88.0
92.02
105.32
88.41
103.94
84.68
94.95
101.74
62.05
63.78
78.64
86.73
66.22
78.79
80.49
89.02
68.77
70.6
84.22
95.78
64.78
60.59
96.79
90.31
62.44
94.06
66.78
83.33
73.76
86.08
83.39
76.48
100.41
68.85
77.01
97.81
69.81
82.93
101.94
106.23
92.74
84.37
73.98
58.66
88.81
92.26
88.62
72.21
72.85
96.75
93.19
81.27
100.08
79.9
88.23
87.34
98.65
89.31
75.65
98.62
91.19
63.81
84.63
86.4
89.0
69.39
76.36
99.81
69.58
72.43
58.39
64.1
43.88
73.6
100.65
110.18
58.32
99.7
76.79
100.26
62.57
89.52
89.82
77.9
94.58
65.3
74.58
76.37
87.22
71.12
82.05
70.51
79.7
83.99
82.71
110.56
69.23
67.08
77.59
64.46
106.67
87.97
82.89
94.85
110.77
73.18
77.57
92.01
92.39
90.5
75.01
73.94
75.2
67.66
84.31
80.14
90.68
75.51
81.22
74.14
80.04
102.93
69.58
80.75
77.93
77.23
77.03
89.11
68.12
84.88
107.9
93.81
76.92
88.96
65.01
96.56
94.59
91.14
64.87
99.31
64.92
81.3
90.5
84.04
85.26
92.76
85.95
78.61
92.08
91.71
95.43
86.36
79.79
97.02
97.51
98.3
77.12
101.56
66.64
73.52
76.92
88.37
85.15
106.18
87.25
89.16
86.96
74.68
86.93
68.68
72.82
88.48
89.89
74.32
89.38
87.68
88.56
84.73
71.35
74.88
75.34
94.22
67.05
65.31
77.01
96.97
79.68
84.68
97.21
81.22
75.26
75.5
76.92
82.26
78.17
77.25
81.02
81.98
79.45
74.67
86.76
71.4
79.88
95.91
91.44
56.9
82.58
87.1
69.7
86.2
83.52
73.86
82.87
82.22
73.71
66.42
83.09
87.71
99.55
99.35
105.12
99.96
76.92
59.41
76.49
77.94
78.71
71.56
72.97
49.6
78.81
103.95
78.97
89.02
84.4
78.3
89.89
88.67
78.04
99.67
96.73
94.53
79.29
91.98
86.71
77.37
95.65
86.13
105.34
94.66
92.53
87.34
88.13
101.08
81.3
98.57
87.24
96.99
80.81
91.93
97.35
60.26
73.19
74.15
63.28
75.95
69.27
85.35
62.82
77.87
96.75
69.93
84.82
72.76
72.34
92.1
88.9
82.72
65.78
62.39
70.8
96.15
77.83
73.9
86.35
74.0
104.22
94.03
81.57
59.89
87.85
78.33
85.47
97.84
77.73
71.86
72.42
84.44
65.49
71.06
88.36
70.28
81.86
93.87
69.2
70.72
101.37
87.61
94.1
74.14
82.61
78.71
65.09
74.73
66.33
93.81
82.94
92.45
91.09
56.87
93.56
80.65
79.2
102.22
83.61
76.92
74.56
78.27
110.76
62.11
84.62
81.11
102.94
94.12
90.87
91.48
86.79
95.8
79.02
86.91
95.82
99.34
100.11
80.02
99.83
82.42
85.99
83.47
82.05
96.15
82.23
78.95
72.38
82.42
60.68
86.42
96.25
69.93
93.47
86.25
91.05
87.95
69.12
72.17
81.6
81.03
75.38
86.45
77.07
86.34
86.07
85.9
72.12
87.08
69.3
59.78
83.82
78.62
72.92
78.96
99.45
88.88
66.89
72.32
83.95
59.34
81.05
82.2
52.49
75.23
94.25
78.04
81.62
88.22
89.99
83.13
82.24
115.04
77.53
86.45
73.02
75.24
72.74
73.11
69.55
86.4
112.58
81.9
74.58
90.86
96.15
97.41
94.55
94.51
99.16
79.31
79.16
70.04
75.21
62.7
93.87
111.11
85.34
92.78
97.62
79.94
74.44
80.63
99.46
67.76
78.97
103.92
85.96
93.94
92.45
76.8
80.59
87.39
59.54
77.04
88.87
76.36
66.43
73.88
76.42
102.64
74.44
98.77
77.34
66.61
73.61
93.77
82.31
82.51
70.02
80.59
76.02
81.62
100.77
66.55
70.57
79.49
94.28
88.21
69.09
83.13
91.78
93.94
64.79
69.31
80.89
87.35
94.96
99.1
100.18
96.55
84.08
63.5
96.54
99.05
68.44
103.24
88.72
98.87
79.39
96.58
86.6
92.66
83.9
89.75
85.09
73.78
93.08
93.74
91.08
78.53
72.82
107.19
93.55
85.28
94.27
77.04
74.29
86.92
88.93
94.96
97.27
95.03
92.64
74.66
96.15
89.42
93.21
92.67
98.12
85.57
83.55
73.32
94.56
97.17
85.38
82.64
72.34
68.43
91.37
97.15
92.55
77.05
93.17
75.99
71.06
97.04
83.49
88.91
75.62
75.92
56.19
73.22
97.39
100.77
76.27
94.04
95.01
68.33
81.42
97.66
75.02
95.56
71.35
93.49
91.9
84.01
54.89
97.71
91.12
98.27
82.14
81.45
79.79
61.46
80.25
85.94
59.77
85.57
98.3
106.98
75.2
88.94
95.96
89.44
88.24
102.84
78.17
66.51
75.12
72.94
79.06
72.53
86.46
94.63
64.04
105.07
69.81
64.01
69.87
100.68
79.67
77.2
98.94
75.39
88.02
86.97
94.38
95.84
97.8
80.78
91.49
96.89
85.65
65.4
79.58
61.24
92.52
72.96
92.77
71.75
78.56
64.77
89.72
80.28
99.59
71.6
89.87
90.13
80.53
69.33
82.38
76.66
63.71
75.23
74.16
83.78
65.52
70.92
95.61
64.97
72.99
99.19
75.46
90.2
76.45
68.14
64.43
67.06
59.32
77.94
66.73
67.64
75.82
80.31
47.84
81.29
95.15
82.07
63.2
66.3
62.98
94.3
65.86
67.44
54.55
70.38
61.29
77.57
77.92
79.62
60.15
74.41
78.22
81.7
70.61
76.41
84.96
71.25
64.61
93.94
96.38
60.42
77.65
82.15
79.94
64.84
80.01
94.23
80.74
84.61
100.87
86.15
96.51
72.42
90.02
70.06
80.04
67.14
78.08
83.1
96.97
98.17
63.43
88.27
67.51
67.33
68.7
78.51
79.55
69.81
69.2
82.14
59.7
75.54
83.5
94.07
68.07
75.2
79.3
70.99
84.55
93.15
90.02
68.75
81.84
82.25
78.14
68.9
78.02
81.91
63.23
81.4
75.76
76.36
53.36
88.09
69.32
79.9
83.92
100.4
55.61
84.55
82.08
74.67
70.8
98.39
65.59
83.71
63.41
70.93
89.11
73.2
92.42
80.53
78.37
90.17
81.45
67.87
87.42
60.14
91.37
67.82
87.1
68.84
94.21
70.57
73.33
85.96
88.66
81.55
57.58
79.69
98.69
61.9
93.34
60.46
83.99
90.13
99.87
74.44
80.55
81.99
80.41
54.58
77.32
86.37
77.39
69.01
91.93
76.13
65.05
82.96
96.37
90.86
89.74
88.35
91.69
80.86
74.78
89.92
79.19
86.64
79.66
83.05
89.45
78.02
81.58
97.68
97.3
72.71
82.6
89.48
72.7
91.17
91.72
78.43
91.25
87.65
78.13
85.46
92.61
77.06
59.29
65.45
75.44
73.76
73.47
69.3
83.92
54.47
68.15
84.06
83.27
90.17
86.17
79.54
79.21
71.71
46.32
81.89
89.8
86.8
59.02
67.9
69.49
79.18
78.54
91.27
97.32
71.54
70.72
68.76
85.99
76.0
92.35
69.25
86.31
72.47
80.8
82.36
87.91
75.25
79.7
89.31
72.15
94.71
71.81
77.13
60.44
65.55
63.63
61.5
56.14
65.71
71.4
80.9
66.67
82.69
75.49
59.0
65.81
76.33
67.07
86.45
62.6
88.69
68.07
73.82
73.99
72.34
72.75
77.57
60.79
61.6
62.87
67.95
64.36
68.38
72.59
77.08
78.83
95.04
66.62
72.97
76.6
80.75
76.72
61.95
88.15
90.73
104.22
93.03
81.21
56.46
85.34
83.22
85.97
57.23
67.7
98.95
67.35
64.77
92.89
97.88
74.28
77.74
65.2
80.19
83.67
93.6
86.39
88.49
97.44
87.74
76.65
77.19
84.89
74.2
86.63
76.25
100.41
96.62
97.51
63.59
68.64
93.72
74.31
88.13
65.38
61.65
91.54
80.85
78.79
71.9
70.75
89.65
99.54
95.11
80.28
79.86
71.53
74.64
80.08
82.42
89.7
80.17
101.38
86.97
85.17
83.23
71.09
77.07
97.7
76.92
72.63
94.22
94.53
93.9
91.16
75.97
75.78
89.04
83.6
58.95
92.57
86.6
108.62
91.95
90.81
79.02
82.77
57.63
82.55
95.33
94.38
99.2
93.18
71.56
80.0
77.82
97.83
91.45
97.84
88.96
100.33
87.49
88.02
84.3
112.8
84.31
68.98
82.2
87.72
82.1
78.71
56.2
84.11
105.33
91.84
66.6
66.76
80.97
64.83
68.6
101.12
74.97
88.21
89.59
77.63
91.22
80.36
97.43
108.26
85.64
76.24
97.94
89.61
87.49
98.85
80.35
88.46
81.9
79.67
81.02
77.73
97.74
81.4
75.33
90.41
84.77
86.89
117.62
82.97
69.06
96.82
108.93
79.38
80.43
82.01
108.55
86.58
108.42
88.87
82.29
90.58
79.35
85.34
85.31
82.51
92.73
88.09
87.52
87.87
96.35
98.88
82.5
74.27
95.24
93.38
73.8
87.73
92.17
91.97
91.95
84.84
74.24
87.28
92.83
69.93
90.5
67.63
69.05
79.78
94.7
88.4
82.16
67.45
89.14
60.17
78.83
96.57
84.03
68.19
75.37
79.82
90.0
75.24
101.89
93.56
95.66
80.32
71.39
92.1
107.11
93.46
82.52
76.92
70.97
87.6
65.53
79.18
87.34
83.18
71.88
85.86
96.15
80.22
78.26
97.87
106.19
106.92
99.0
104.28
82.12
94.46
98.07
86.43
81.78
94.24
100.94
98.12
91.53
75.07
82.46
79.24
101.64
69.4
104.1
82.41
89.66
87.85
88.17
80.98
99.32
93.08
110.12
101.46
90.16
85.37
92.52
108.68
110.81
85.47
87.21
95.25
83.74
86.55
87.96
78.94
77.55
77.71
85.97
90.07
81.8
83.13
95.13
76.82
79.75
76.16
74.21
78.25
79.35
88.93
83.49
87.67
78.73
86.2
90.42
97.72
101.18
81.26
94.05
92.04
88.49
75.28
94.16
97.81
87.82
85.16
76.58
69.32
93.02
91.73
76.19
86.46
75.85
89.92
110.78
90.79
81.64
81.05
88.98
72.63
89.74
93.74
93.15
107.08
97.35
105.43
84.43
69.63
74.13
84.05
84.53
80.97
79.99
59.17
68.64
59.73
86.02
89.89
89.44
79.7
89.04
93.53
91.88
93.55
90.68
87.09
87.05
80.37
75.88
81.95
67.62
88.83
77.06
88.19
82.86
88.19
84.36
85.6
87.84
89.41
90.76
83.31
60.51
88.7
66.21
100.84
107.82
92.82
89.63
91.24
86.94
86.8
79.76
93.13
71.69
85.95
90.7
85.82
98.43
106.29
85.61
88.61
80.51
84.02
69.22
74.65
80.8
86.76
83.64
85.74
77.14
89.57
94.09
92.47
95.05
95.19
88.63
78.69
101.16
86.45
91.69
105.37
100.82
84.21
71.64
101.12
78.24
87.8
92.47
74.33
86.66
81.44
95.81
102.45
97.41
100.82
88.33
71.03
91.37
101.0
78.67
101.59
77.37
81.77
92.04
88.2
84.31
77.29
96.29
81.73
80.26
81.12
86.9
87.52
88.03
95.3
94.96
91.77
74.11
114.66
88.28
100.19
83.41
96.82
87.62
77.22
105.35
90.92
88.94
88.26
99.62
89.87
64.66
78.23
87.96
77.03
89.2
82.57
87.1
74.85
75.43
80.77
89.01
83.29
72.54
85.04
79.66
74.13
83.31
71.75
88.43
69.03
96.49
81.87
85.78
82.53
79.3
84.47
82.57
83.37
95.95
86.06
108.05
81.19
94.15
100.94
82.13
93.04
84.22
104.52
95.72
89.42
84.42
90.82
98.59
98.8
100.38
110.51
87.21
102.17
103.09
103.5
88.98
78.84
106.1
86.3
103.85
97.95
110.84
106.04
97.05
98.8
85.62
86.89
94.27
78.89
88.25
88.82
84.77
80.39
90.64
86.76
84.39
92.37
93.97
93.44
92.9
93.14
94.27
91.74
86.68
93.61
106.48
82.57
103.09
98.99
100.26
84.7
109.58
88.63
85.47
91.91
94.6
91.11
81.02
98.94
113.14
88.1
81.05
91.98
88.5
80.36
100.55
85.16
92.5
83.76
99.41
91.54
86.8
73.7
102.82
93.76
113.54
82.36
93.43
80.46
94.7
65.32
112.47
91.13
105.1
82.7
89.28
110.77
102.56
105.09
98.25
98.66
87.25
105.67
109.05
97.76
84.98
97.34
89.04
91.02
81.86
99.03
93.72
92.93
96.36
91.9
97.52
103.46
95.43
102.23
96.7
91.89
93.68
80.97
85.88
90.13
85.28
83.95
106.11
109.88
97.62
101.46
77.11
68.13
97.04
101.35
104.59
83.95
93.04
74.1
90.5
108.04
81.8
90.37
74.16
61.5
98.17
94.43
106.41
108.26
92.04
70.7
96.53
90.75
86.48
101.88
79.91
102.71
71.34
112.6
95.62
66.89
89.02
82.07
90.71
96.89
106.32
85.69
71.77
67.95
90.39
83.13
84.88
73.7
74.13
81.29
101.38
86.93
92.97
89.91
85.47
87.91
51.67
85.08
93.28
77.82
99.39
87.18
72.18
79.43
78.51
74.78
75.74
85.05
84.36
94.51
42.53
82.06
106.1
87.97
82.8
91.85
88.3
83.29
80.62
75.99
86.41
89.74
100.48
97.27
73.68
84.34
75.51
88.28
96.55
75.36
86.32
82.02
100.5
107.76
92.03
87.83
89.33
87.48
88.9
84.46
92.1
92.81
87.48
88.64
82.3
82.45
105.12
99.37
78.47
101.44
83.36
86.26
77.0
94.4
97.88
81.76
88.51
87.52
92.53
79.93
85.93
94.58
83.19
102.27
102.48
100.16
103.69
87.66
99.53
104.36
74.33
83.59
78.66
96.41
91.77
97.19
113.71
95.42
83.79
94.87
77.61
104.49
87.14
77.87
83.09
96.67
83.75
109.64
85.12
103.33
91.56
96.62
84.96
107.62
97.28
85.46
92.07
81.91
87.27
88.48
94.74
82.73
88.46
72.8
90.16
102.01
107.33
104.27
91.98
94.15
84.9
83.9
83.59
92.79
85.47
85.9
87.26
74.32
65.07
84.28
84.85
90.68
74.62
81.05
66.25
85.27
107.72
100.44
93.81
89.17
94.47
114.88
80.48
71.94
89.69
105.0
74.93
104.17
94.73
104.82
84.86
87.14
75.79
77.16
109.9
91.18
79.34
96.15
90.67
94.09
91.58
94.9
103.0
75.29
85.03
69.69
87.28
85.47
91.32
91.22
81.62
85.8
101.03
91.17
85.89
93.04
86.72
96.79
93.21
64.68
111.2
99.56
93.23
95.31
97.17
105.3
74.05
92.96
87.32
92.08
89.97
83.21
91.62
79.23
88.81
77.25
85.72
81.86
84.85
97.63
94.84
90.57
83.87
85.28
93.2
94.17
88.46
96.39
103.39
88.35
80.47
86.93
75.74
72.85
94.71
101.51
96.15
70.24
90.3
75.09
107.42
84.66
90.34
98.16
96.5
99.98
67.87
78.58
104.55
108.31
100.08
93.68
77.82
87.28
68.03
93.72
76.69
84.56
86.92
82.41
68.4
96.82
86.4
89.47
87.36
73.59
103.89
100.26
77.87
82.76
85.28
106.32
74.49
73.29
107.4
88.79
86.75
72.76
88.17
87.81
95.35
88.52
97.98
79.2
84.46
91.1
74.63
83.06
99.99
80.85
77.39
91.24
103.29
94.91
97.22
86.53
94.98
99.99
107.04
94.61
88.55
92.39
84.54
77.17
89.5
80.81
102.23
96.35
98.2
74.73
108.48
74.71
86.88
94.25
81.96
92.66
94.7
92.64
103.39
91.47
93.5
95.77
91.96
98.2
87.81
100.12
94.87
89.81
84.53
85.59
78.01
83.22
88.87
80.27
76.26
88.69
96.39
94.22
84.99
91.16
93.01
97.86
85.99
78.66
105.05
97.31
95.41
86.78
89.13
85.68
84.67
83.53
105.25
79.35
78.48
97.0
99.25
110.19
85.98
111.22
76.83
79.61
96.02
87.11
66.56
99.48
85.46
90.9
108.64
81.77
90.6
91.09
107.58
94.53
89.49
73.72
82.09
97.9
91.12
87.88
74.23
83.04
81.04
79.72
86.56
79.09
95.74
106.57
113.87
95.51
79.19
94.75
78.01
97.57
117.79
87.83
105.09
111.43
101.78
92.91
101.75
106.56
109.49
106.41
101.25
101.53
91.22
91.19
81.23
81.75
82.36
84.98
82.07
100.16
86.45
90.98
83.86
79.58
99.09
90.43
100.59
98.0
95.97
89.49
84.62
97.54
84.02
78.61
95.02
107.53
82.15
97.91
101.54
83.34
88.19
98.06
88.78
92.38
101.0
97.66
85.27
91.74
90.94
90.6
89.74
73.49
82.15
69.02
89.2
104.5
75.9
85.23
95.99
89.32
83.53
113.54
118.42
100.21
105.07
81.28
84.26
93.24
89.17
95.18
86.62
89.89
118.86
98.75
84.35
93.29
92.48
83.37
90.69
86.35
88.65
97.52
101.18
79.08
81.41
85.89
84.92
94.89
107.4
84.7
83.99
79.97
89.8
105.35
83.57
90.01
90.37
94.24
77.88
86.34
88.61
97.24
81.03
96.16
89.09
102.34
82.02
65.8
96.52
86.51
76.1
81.46
84.02
87.51
104.53
87.22
91.22
99.77
87.79
92.4
88.3
102.56
107.43
79.1
91.99
107.69
100.8
85.63
94.58
93.36
106.25
73.67
95.24
74.47
82.37
94.53
98.9
96.55
74.19
100.94
83.16
110.5
107.89
87.38
102.73
101.14
82.71
103.61
99.81
89.1
75.91
93.41
104.06
89.35
83.12
106.41
91.81
95.77
100.96
119.57
100.16
103.52
74.69
104.27
94.43
94.63
96.15
104.81
78.87
100.96
89.15
87.67
91.53
104.82
101.37
108.32
98.9
106.1
91.45
105.74
90.76
95.33
89.67
105.94
97.36
91.24
96.92
106.37
101.42
107.43
81.47
83.43
76.84
90.78
91.58
74.13
85.47
82.76
95.11
75.83
92.95
96.92
90.7
93.02
99.46
84.45
100.47
93.29
92.7
96.29
104.7
100.14
94.67
77.02
98.35
104.28
100.39
101.08
88.33
100.18
98.29
112.91
110.45
86.07
93.68
100.55
96.16
101.05
109.3
85.15
99.25
80.68
84.2
91.6
92.48
99.9
97.19
97.51
105.35
102.02
96.6
86.91
102.47
92.91
90.02
104.42
116.13
104.22
109.38
90.58
94.6
94.17
117.62
112.9
93.78
107.74
97.62
105.08
105.03
109.25
121.11
108.24
96.71
86.72
97.83
108.7
98.41
94.43
94.32
78.84
110.9
107.05
97.01
110.67
99.06
107.34
104.96
116.61
97.64
109.37
89.37
98.38
100.93
98.01
82.42
111.29
84.63
94.81
77.83
105.17
88.98
104.71
83.01
93.93
92.48
93.84
92.08
96.55
79.06
93.29
101.29
87.8
101.29
95.65
91.01
101.97
104.84
72.65
99.52
108.7
88.25
84.34
86.96
86.0
86.67
84.5
97.59
107.71
87.57
92.92
97.93
84.2
101.96
81.89
110.58
85.11
111.32
82.21
103.35
107.8
103.27
102.32
108.65
107.17
94.79
117.76
103.19
79.99
108.23
90.87
102.77
98.26
100.13
100.84
91.58
108.4
93.91
99.5
95.19
91.22
107.34
93.94
104.71
104.81
92.37
103.03
88.38
119.4
93.24
100.62
105.08
93.23
96.17
102.06
78.14
93.2
88.08
91.58
111.46
79.24
83.92
96.15
102.04
93.56
96.55
104.16
97.12
81.63
94.08
78.73
101.51
100.55
104.11
112.37
85.31
93.42
89.87
103.15
107.87
104.81
100.42
100.99
103.24
100.72
94.28
109.7
99.84
99.47
91.35
108.15
96.81
116.85
100.69
102.17
102.46
109.07
90.11
101.59
91.37
104.04
91.69
78.27
82.11
85.67
106.01
93.51
102.49
92.92
106.87
115.91
99.62
94.19
97.18
90.78
88.2
88.37
74.52
86.99
92.48
102.4
98.97
96.44
105.65
105.31
92.37
90.35
77.35
97.01
103.86
83.23
103.05
88.14
102.79
109.67
85.92
113.32
106.44
83.8
84.89
107.69
94.2
95.82
91.48
62.09
98.62
79.0
85.63
95.85
96.83
97.18
99.56
109.63
99.79
106.23
106.49
101.03
104.83
85.18
83.44
95.19
100.09
96.68
93.43
95.83
119.96
99.29
110.31
108.34
96.15
101.78
83.78
103.21
101.51
108.38
103.44
94.98
107.77
99.52
110.52
112.15
93.81
87.93
99.05
78.56
79.95
104.24
81.58
111.41
106.75
87.0
103.84
109.04
106.96
77.29
88.94
102.13
99.28
103.54
90.32
98.07
100.93
96.81
88.28
86.46
94.1
86.04
84.46
86.28
101.59
97.22
102.82
92.51
91.2
112.56
94.82
107.44
100.61
88.76
99.25
120.9
107.24
90.8
97.37
94.67
102.13
93.28
94.15
115.71
86.4
98.3
90.29
96.65
60.25
95.49
103.28
105.91
81.98
104.55
93.77
101.22
114.96
94.07
104.17
105.58
107.78
96.64
96.51
90.82
97.52
100.17
91.78
99.72
83.22
75.89
97.06
92.91
104.65
93.34
108.82
95.77
56.65
84.59
81.9
104.18
100.33
84.17
88.31
85.73
82.7
98.45
90.58
102.67
78.9
85.47
93.13
82.87
90.04
112.75
83.92
110.19
77.51
106.35
96.59
100.81
91.41
112.8
90.69
113.07
89.17
72.92
98.72
73.82
103.19
107.96
116.69
97.59
87.8
85.47
89.1
104.55
94.88
99.21
80.75
91.46
92.17
101.33
80.06
98.65
111.94
99.25
105.33
103.7
97.12
117.02
100.27
97.15
101.27
99.31
110.4
102.44
85.99
90.38
86.09
107.2
93.25
86.19
100.93
94.27
103.39
91.36
92.91
86.87
74.84
106.73
82.14
99.96
111.57
99.02
111.79
100.51
94.11
93.92
87.9
96.99
112.78
100.45
99.77
102.12
99.12
103.87
104.17
101.59
96.15
113.44
110.47
84.97
98.96
95.54
97.64
93.14
101.26
92.66
92.45
102.26
110.13
91.51
93.46
98.85
109.89
105.92
89.51
86.0
71.99
85.34
102.63
93.12
80.6
98.98
93.47
86.37
94.13
89.1
107.34
79.44
88.26
101.16
102.48
94.99
94.71
89.81
96.16
99.08
99.16
102.02
86.49
92.1
100.1
118.66
122.98
120.52
123.83
106.03
101.25
80.33
102.83
116.95
105.82
97.82
99.24
95.91
98.36
87.96
93.81
93.48
104.12
85.47
105.87
100.71
111.22
97.97
96.89
91.25
100.64
100.69
94.23
94.35
87.86
86.0
90.49
109.89
97.55
98.66
106.09
105.05
99.72
117.06
99.84
89.97
91.01
108.1
105.89
104.24
104.9
105.87
88.37
101.33
112.37
100.33
98.77
99.99
98.16
101.81
97.44
94.83
83.84
93.01
89.13
89.69
108.32
107.4
109.06
94.37
102.89
98.67
101.18
90.84
85.34
92.22
102.47
101.93
93.39
86.72
118.83
96.01
111.18
87.27
73.78
82.22
82.06
95.27
98.95
91.95
95.61
97.41
98.31
91.58
92.79
99.48
106.34
96.15
96.29
89.68
95.01
105.24
86.58
96.37
106.51
108.93
103.27
105.58
91.55
96.75
101.27
75.82
90.99
93.21
99.2
83.12
105.06
91.77
102.76
89.5
100.18
110.68
87.91
100.98
86.78
93.44
95.47
92.26
96.56
109.45
99.76
90.94
113.17
91.72
87.22
95.16
86.22
99.25
85.85
88.76
101.27
106.06
90.8
90.5
102.64
114.66
112.28
107.76
94.67
111.35
89.3
100.96
116.75
108.78
92.68
103.75
123.34
114.57
95.42
80.1
103.95
116.08
100.04
106.52
103.92
95.67
105.61
100.46
90.3
102.28
77.28
94.73
97.86
94.79
100.4
96.61
90.5
107.0
97.42
87.06
92.57
75.32
106.51
114.88
93.53
90.51
80.6
86.87
106.59
101.99
80.59
98.22
94.65
103.74
96.34
101.01
89.42
100.1
102.39
100.0
90.9
92.46
96.9
96.85
116.9
113.0
86.51
105.33
112.66
92.24
106.95
102.56
85.47
96.99
105.69
104.7
83.63
106.18
89.38
108.29
112.53
97.1
101.0
94.38
105.69
104.7
101.4
107.42
97.22
113.44
109.01
89.25
97.46
88.55
105.22
99.04
98.52
106.06
99.48
117.28
115.46
102.14
104.06
99.65
88.97
69.22
94.02
92.03
99.97
101.73
84.12
89.09
96.52
125.13
109.88
88.71
99.09
95.03
86.53
102.49
102.23
101.12
89.85
100.99
92.11
93.51
90.63
100.01
112.15
84.68
95.16
97.46
119.73
117.52
108.01
106.59
108.24
105.15
112.61
103.95
105.12
87.91
89.87
115.85
89.05
111.76
97.48
94.22
110.72
87.2
90.18
104.8
94.4
117.39
99.25
97.74
96.02
99.04
114.43
108.57
106.93
105.28
101.16
100.19
104.57
90.5
103.11
98.28
91.93
114.98
106.16
92.48
96.99
92.84
100.25
94.52
82.21
91.54
107.78
105.15
115.48
110.09
101.21
99.46
103.19
98.36
109.63
95.44
96.39
79.12
95.81
110.46
102.28
111.26
101.49
106.21
94.04
104.83
90.78
110.08
99.95
101.24
105.9
108.12
103.2
92.0
98.08
81.39
105.33
101.44
97.02
93.84
98.97
98.9
94.43
95.01
83.92
103.45
107.26
85.33
80.66
102.3
98.72
85.71
90.22
104.27
102.36
93.15
100.81
90.56
62.87
103.62
90.6
88.61
72.75
90.5
84.08
83.68
87.85
86.02
94.91
92.5
70.9
93.36
80.72
97.94
91.86
105.81
95.19
93.94
95.3
101.0
107.07
99.68
85.16
96.71
108.36
88.11
110.49
91.6
110.78
94.73
114.96
107.06
93.8
99.71
86.99
72.14
83.64
100.51
89.6
104.42
97.35
85.99
99.21
89.89
103.11
95.28
95.07
96.47
80.46
93.98
100.65
101.05
93.09
90.36
80.42
100.02
94.47
97.41
90.03
86.97
94.72
92.52
94.67
88.48
91.48
100.02
97.82
111.04
103.94
100.11
113.88
96.88
106.23
90.85
97.13
106.0
98.2
91.09
105.28
96.16
73.18
107.62
108.48
111.09
86.1
101.44
78.29
85.75
103.11
103.66
100.94
97.82
87.0
88.23
84.54
92.38
96.15
98.32
116.55
114.47
108.11
101.26
93.0
100.96
107.55
104.22
87.71
93.9
74.74
94.06
89.27
101.54
102.66
96.65
95.42
86.0
95.82
99.34
101.61
116.05
92.67
102.45
109.44
98.2
100.34
92.51
92.66
100.76
102.56
80.38
84.38
106.1
105.11
97.55
92.74
95.83
91.94
84.5
115.61
90.92
113.96
86.15
81.18
106.36
106.15
100.86
111.82
107.12
103.87
96.15
97.3
87.1
92.96
105.73
106.73
87.72
81.71
84.98
108.85
97.2
109.29
84.0
85.0
83.38
88.18
84.7
100.57
88.16
107.69
87.63
94.29
86.67
101.75
96.61
87.89
87.59
86.55
89.04
95.64
101.32
92.42
108.09
102.42
90.68
91.62
86.27
99.02
101.18
104.4
107.21
87.79
103.74
105.0
89.81
97.63
90.35
101.05
96.32
106.77
88.42
98.17
89.92
104.78
104.36
84.4
90.88
102.81
86.23
83.97
92.45
103.91
104.5
80.97
96.0
85.88
64.65
94.99
87.08
88.28
104.32
113.77
86.49
83.71
71.13
82.21
82.47
89.28
84.42
99.02
100.71
99.01
97.98
104.11
91.42
78.19
76.56
85.75
93.58
78.1
90.99
81.34
82.7
83.85
77.77
101.05
100.19
104.22
103.17
97.92
98.6
87.46
99.83
75.02
96.82
91.56
67.63
99.17
89.34
84.98
103.72
85.19
88.31
95.33
115.97
94.0
99.08
100.44
106.17
88.75
102.54
96.59
100.72
95.47
87.72
80.82
89.64
88.88
80.83
84.46
96.48
106.05
90.82
92.62
98.39
85.5
86.46
88.94
100.79
96.17
102.27
90.56
84.0
98.13
95.69
78.23
90.66
80.95
99.57
91.04
101.03
98.29
89.96
92.14
94.7
101.21
104.44
88.86
97.72
114.29
96.23
105.72
107.28
98.91
87.95
89.96
89.8
107.29
114.49
89.9
109.16
98.44
94.31
103.19
96.51
102.58
81.74
104.75
102.88
92.27
100.95
88.99
97.07
95.51
102.58
92.02
105.21
89.5
97.64
92.69
98.62
104.27
94.85
93.11
98.43
106.7
96.34
80.54
110.93
97.07
91.45
97.7
84.33
81.85
103.87
83.44
97.02
101.55
92.85
103.57
72.11
95.57
97.46
95.67
106.7
96.71
95.03
106.03
96.24
100.24
86.64
92.15
89.84
93.43
104.1
89.29
90.94
110.24
98.59
102.21
122.9
84.02
108.57
94.46
94.79
96.68
96.06
89.96
102.34
93.36
93.85
104.6
106.07
102.58
88.45
93.41
101.81
89.92
103.25
110.92
100.51
98.06
108.1
87.74
99.98
91.36
79.05
79.91
84.85
86.0
95.13
101.2
91.21
96.81
101.9
87.81
107.39
112.2
99.62
99.27
95.81
103.81
110.88
92.59
109.36
104.54
111.28
87.98
91.23
96.07
95.55
80.46
95.15
95.86
111.68
105.38
97.75
71.43
110.15
97.0
94.01
103.39
108.76
90.79
88.43
98.36
93.73
73.68
98.01
91.44
103.3
109.22
104.28
102.81
102.22
107.62
107.83
99.9
97.67
86.69
95.51
107.79
81.92
94.98
90.57
99.54
90.57
93.6
99.23
92.07
93.54
85.11
88.78
101.64
84.78
96.12
92.52
94.7
91.05
103.65
97.93
92.81
92.93
100.12
97.04
91.38
99.16
107.03
101.71
99.67
100.54
111.61
94.6
85.01
102.65
91.21
111.27
113.18
103.03
102.24
100.61
112.67
104.32
84.55
94.9
103.38
85.83
106.91
107.95
107.25
99.67
104.5
102.72
91.12
86.93
101.5
98.91
101.69
104.0
103.13
106.64
95.8
80.0
91.55
114.12
85.88
81.27
106.91
97.55
91.74
96.42
106.54
118.61
103.52
116.62
92.65
98.09
90.0
106.58
99.36
106.43
91.89
102.02
112.44
93.45
89.57
96.79
101.24
101.29
91.92
95.77
96.14
109.67
99.43
101.37
100.33
100.23
106.32
110.15
110.44
97.19
93.21
84.01
112.8
101.67
117.65
90.88
99.77
99.42
110.41
91.75
75.28
93.0
104.68
117.16
91.37
98.52
96.19
100.59
111.75
108.1
106.79
93.64
110.74
95.05
105.76
97.84
79.58
99.45
102.42
103.45
96.89
105.46
100.03
99.56
91.28
102.95
104.6
88.77
103.92
94.97
112.17
77.73
98.15
93.24
92.27
104.29
76.62
83.92
85.39
110.39
98.01
91.84
117.22
88.71
93.33
95.85
80.56
87.46
93.49
116.43
91.12
93.79
88.69
95.14
89.47
96.64
93.39
97.5
86.2
99.15
94.93
88.86
97.22
76.68
76.22
83.89
100.02
98.85
99.5
105.65
97.88
103.72
98.47
90.4
98.7
98.05
100.95
107.93
95.66
103.03
88.94
85.01
93.0
91.25
110.38
96.95
96.31
92.56
88.05
117.39
111.09
92.37
94.81
97.49
76.3
110.09
120.12
100.16
107.33
98.03
113.85
100.33
88.08
95.97
117.6
100.98
101.14
104.04
103.95
95.34
85.67
97.92
98.8
90.92
98.63
84.58
97.0
86.85
91.0
87.35
99.22
88.35
105.89
97.26
110.83
93.46
111.62
98.71
97.49
100.43
97.87
97.95
82.4
92.57
81.17
99.15
98.0
110.22
96.66
94.78
104.04
105.65
101.51
105.38
79.27
96.14
121.41
115.85
81.95
91.01
114.29
86.67
102.6
115.32
96.61
100.2
98.19
91.81
106.08
101.84
88.02
98.05
101.93
103.93
89.41
86.78
102.46
99.65
90.44
103.72
89.88
83.95
90.53
100.47
104.37
92.47
91.15
106.94
116.29
90.13
114.5
94.38
93.73
109.21
110.75
92.94
89.64
103.12
102.45
92.7
109.84
104.83
102.88
90.89
83.87
107.09
104.74
104.22
102.04
96.23
85.45
99.49
90.29
107.74
98.06
98.67
95.83
85.51
78.5
115.11
90.46
89.68
106.82
106.7
121.07
94.89
91.13
102.09
95.8
90.71
99.96
117.45
102.69
119.04
106.7
86.56
85.26
100.95
106.79
98.01
84.47
114.74
90.72
90.9
90.5
109.0
101.78
128.31
98.83
106.83
91.34
111.21
99.56
99.0
92.19
112.43
93.62
88.71
117.0
109.29
111.41
87.18
97.23
106.32
84.7
117.23
106.31
107.29
110.25
90.3
92.72
92.99
85.0
101.85
94.98
90.84
92.55
84.03
104.8
98.68
92.73
107.56
105.73
100.66
102.74
91.71
90.84
92.3
92.45
90.29
107.53
92.83
83.06
95.72
81.74
85.89
106.68
98.36
90.94
83.29
82.45
100.01
88.93
103.93
106.43
102.17
118.95
106.95
120.53
120.09
119.06
92.24
103.26
111.06
112.1
96.88
116.52
104.47
93.74
93.27
95.08
101.93
112.11
90.13
73.51
72.49
93.8
96.82
101.98
94.13
120.46
75.14
88.0
94.75
111.46
97.45
97.91
97.23
89.09
100.57
107.65
101.55
96.55
93.22
104.45
79.31
105.53
94.97
96.2
101.86
111.15
96.74
111.4
85.76
94.46
100.57
115.96
93.32
108.7
99.87
100.65
111.27
100.25
103.65
102.09
101.99
118.79
102.74
87.56
97.14
96.95
96.39
85.89
108.57
90.69
89.32
97.97
110.88
112.24
102.33
110.09
95.88
88.17
88.02
99.28
79.16
113.58
101.35
111.89
93.37
118.98
113.56
92.87
100.25
104.62
101.75
92.42
99.93
92.72
104.56
94.43
102.33
89.34
92.3
124.74
101.07
102.59
108.81
101.84
110.34
108.71
108.97
91.87
107.83
112.25
102.29
101.55
117.01
105.48
94.56
104.19
94.33
111.17
110.69
101.71
114.89
114.59
111.9
112.51
83.9
103.66
106.73
97.06
95.66
91.07
105.95
108.86
109.0
85.57
85.39
98.29
85.74
93.51
106.14
91.26
106.21
102.22
87.58
96.16
105.53
94.9
120.45
95.25
97.45
95.69
103.36
100.36
118.11
102.0
98.53
90.21
103.69
90.28
98.49
100.7
131.3
93.3
92.31
90.25
98.67
103.06
106.34
104.88
111.54
105.96
107.66
87.43
118.38
102.21
109.71
101.28
96.65
101.65
97.47
91.75
94.41
91.55
88.47
104.06
96.92
112.1
101.68
114.51
111.61
110.98
105.32
86.05
95.29
108.6
96.51
108.89
97.53
101.87
95.7
96.83
117.08
96.99
97.23
107.08
106.72
88.77
95.63
102.82
86.61
78.93
83.62
106.6
95.39
87.98
83.0
104.25
96.6
86.23
96.32
98.85
99.51
92.62
84.9
94.99
97.07
107.19
95.21
96.77
110.03
101.73
110.14
88.31
128.76
94.26
129.42
105.35
109.52
96.11
101.78
108.08
111.81
102.51
100.46
112.44
96.1
103.7
105.81
91.08
83.26
91.16
91.91
102.92
100.06
91.65
102.14
95.55
110.82
99.99
89.49
97.84
94.17
96.56
104.61
90.23
97.74
82.84
84.62
88.29
76.05
117.62
91.94
107.45
92.07
108.9
99.17
98.85
87.92
91.23
100.0
85.87
102.49
96.12
105.75
88.97
97.5
102.74
95.86
91.08
97.56
83.81
104.56
102.27
99.16
83.96
94.95
92.03
93.76
110.25
107.93
115.86
97.91
108.57
112.63
93.87
99.56
98.94
94.75
98.29
101.27
103.11
91.0
98.23
92.59
101.12
91.06
98.78
103.26
100.06
93.49
99.64
89.62
110.15
92.17
113.6
102.66
96.69
106.94
82.98
92.34
89.8
87.9
106.42
101.25
102.16
112.97
109.06
94.18
100.48
98.99
87.39
112.42
100.54
96.55
85.18
94.33
100.2
83.83
88.0
84.15
106.0
84.17
100.8
83.9
104.29
116.53
113.7
96.09
85.18
96.18
84.91
92.85
99.51
90.9
87.9
105.94
105.41
110.77
96.02
79.16
103.37
106.16
101.79
101.85
107.59
119.01
100.97
109.39
95.62
80.97
90.93
105.72
88.03
85.69
92.86
86.72
89.5
88.66
111.38
104.05
92.9
87.38
94.7
79.24
88.53
102.4
92.99
102.66
94.67
101.94
115.95
95.26
99.55
93.82
97.34
97.78
98.85
100.65
106.26
104.64
112.89
106.4
110.89
108.39
102.12
101.09
98.93
112.41
108.21
90.65
87.03
98.63
112.08
89.36
84.82
99.02
92.42
101.57
106.45
118.89
103.95
108.38
106.23
88.94
102.56
100.56
88.13
85.86
85.65
104.55
92.17
105.97
99.33
112.36
90.78
93.14
98.89
89.51
93.09
100.98
93.24
102.42
95.0
85.23
91.24
100.34
96.0
99.8
83.75
101.69
99.74
104.2
108.09
100.02
96.68
95.04
102.87
86.56
115.69
91.23
110.02
94.38
113.6
98.66
91.57
108.92
106.35
97.78
109.38
100.41
104.42
111.88
104.35
101.6
108.0
97.06
74.61
114.34
110.15
92.88
103.96
87.07
94.76
98.57
92.54
92.27
105.78
91.7
108.64
92.64
90.15
99.6
99.22
104.61
79.73
97.94
112.05
93.95
104.61
101.16
95.98
104.58
90.69
68.2
115.12
111.24
84.15
112.57
100.89
104.95
98.46
87.11
88.58
94.65
93.02
80.85
108.4
115.3
111.03
120.43
111.9
108.17
85.44
100.16
80.59
106.77
118.58
101.91
92.49
101.27
97.2
101.83
113.58
79.43
96.9
94.92
95.63
87.02
84.63
87.24
100.97
87.26
102.3
86.6
97.67
97.53
103.66
100.85
83.74
99.7
90.82
95.35
95.36
86.61
110.11
102.96
104.13
96.22
107.34
109.44
113.87
99.4
108.93
88.53
105.36
85.28
79.59
104.05
93.36
95.59
108.3
104.07
93.17
87.31
103.63
85.56
93.66
105.6
114.93
89.53
98.81
107.67
103.94
99.33
94.62
96.12
108.22
89.61
96.68
99.85
94.44
109.9
93.28
100.17
102.07
101.27
84.98
100.56
90.06
97.55
126.82
91.6
92.49
93.37
105.85
96.86
116.49
108.73
94.53
107.14
99.66
92.31
95.64
100.96
99.75
99.72
96.47
97.98
98.69
93.66
92.97
91.6
94.51
90.27
97.05
112.0
103.27
97.38
95.0
85.99
89.24
88.0
91.6
92.51
90.82
106.3
99.02
95.83
102.55
89.66
89.96
118.24
102.78
96.44
99.24
106.57
115.24
82.74
86.5
109.49
93.04
88.01
100.88
106.84
104.27
95.8
118.74
88.99
98.58
99.87
91.8
92.63
87.3
99.49
112.11
83.88
101.17
96.45
101.79
101.45
100.27
98.06
84.46
91.85
96.52
104.4
97.77
106.56
101.2
89.62
101.68
88.51
102.95
115.1
109.95
98.8
88.93
114.71
96.71
98.12
99.61
90.91
114.75
101.37
95.66
108.78
105.4
114.18
108.08
105.76
111.57
82.72
95.11
91.73
102.19
113.52
91.89
101.02
97.58
89.6
110.19
94.8
95.99
91.98
97.73
101.02
102.56
88.92
106.36
112.4
99.84
94.46
119.85
88.83
91.23
87.91
94.29
102.45
78.41
80.75
94.07
97.51
98.39
106.25
103.5
86.49
87.66
98.88
85.29
99.24
93.79
99.18
115.35
109.31
108.65
102.71
94.74
109.41
110.85
102.58
100.61
93.47
102.12
101.58
101.34
93.84
93.77
110.15
113.4
99.73
98.8
97.2
90.71
113.28
100.03
96.91
110.22
98.59
103.17
108.17
118.17
100.23
91.45
108.38
87.63
101.23
96.66
90.69
97.29
104.51
91.98
104.35
89.49
91.32
110.7
92.62
104.04
92.15
109.29
110.62
100.39
110.69
107.03
98.01
85.48
102.29
78.14
93.28
95.32
91.06
83.97
110.67
103.49
105.93
94.44
113.07
100.29
107.34
100.48
107.77
87.5
94.26
113.29
94.82
105.07
83.96
76.94
83.43
94.43
104.65
83.79
87.0
97.82
87.4
114.82
111.29
94.23
102.68
98.56
86.81
102.74
90.28
93.42
84.39
87.8
94.55
94.18
90.96
99.03
112.44
96.54
93.39
98.21
107.52
104.92
95.57
98.88
112.33
103.08
105.37
94.73
94.59
85.98
99.56
109.28
92.04
82.81
88.11
99.78
116.61
109.15
91.94
96.16
97.05
96.54
103.66
91.57
100.82
91.76
98.91
88.94
93.72
98.52
92.68
107.36
106.28
102.29
125.38
100.57
104.68
90.96
114.1
87.67
86.5
99.26
98.72
100.04
91.65
85.22
84.56
103.98
101.56
104.25
106.91
105.92
118.46
105.37
87.63
89.16
112.38
90.52
96.62
116.98
99.22
101.84
113.8
95.71
98.92
93.09
113.09
96.02
97.84
107.59
103.32
95.08
123.89
97.45
92.54
98.05
90.8
81.4
89.1
97.39
119.51
69.27
93.39
118.11
84.16
111.39
100.86
90.42
116.3
81.95
85.73
114.38
96.4
93.64
92.71
111.58
106.31
93.15
105.57
105.9
94.04
113.03
85.7
77.05
114.06
100.83
105.15
92.96
90.81
92.39
115.93
112.2
109.43
91.35
89.98
108.46
104.7
99.26
79.23
86.36
83.59
86.56
93.17
102.2
89.09
116.79
105.58
87.17
88.61
97.07
89.77
101.94
92.61
95.01
89.86
94.54
94.78
92.77
83.25
92.94
100.09
85.11
88.08
107.87
104.8
102.11
97.9
91.59
108.01
93.44
97.01
89.26
112.09
90.24
107.35
88.81
84.79
104.43
89.57
90.79
94.64
93.61
85.89
89.82
79.58
92.54
88.56
93.31
97.62
96.97
96.8
90.51
84.18
93.92
93.51
87.36
100.13
90.26
80.63
96.87
94.76
108.07
84.35
75.8
90.37
87.89
96.08
91.34
90.8
86.1
99.19
96.15
95.39
100.65
97.55
107.86
113.74
116.88
98.51
91.96
115.3
105.07
85.67
86.72
101.52
103.05
103.12
98.35
111.85
95.2
103.35
90.67
110.59
107.14
96.01
103.09
85.97
94.98
106.61
104.44
99.85
84.64
86.82
113.31
108.89
95.29
101.19
87.55
89.8
94.2
105.06
85.34
99.93
102.81
104.16
90.95
89.35
100.01
97.22
85.89
89.89
99.27
87.39
94.02
87.36
96.24
108.61
79.84
97.77
105.01
95.52
94.46
96.02
101.12
108.32
90.02
80.11
81.61
102.75
84.98
110.52
96.92
85.26
109.45
99.44
105.56
105.99
74.01
96.45
89.71
81.94
94.52
87.19
76.74
97.33
95.28
97.47
115.1
92.89
87.62
94.91
101.67
93.55
94.52
88.39
93.84
96.99
90.7
104.81
87.72
98.2
93.55
98.84
99.61
111.58
87.23
89.4
93.78
93.0
99.48
87.43
102.83
108.11
94.11
87.07
96.87
97.16
101.0
99.15
88.69
92.4
95.05
100.07
97.47
92.07
110.89
102.48
104.69
101.03
96.86
102.43
97.47
94.9
118.24
117.38
95.6
116.67
104.34
108.84
103.57
99.39
88.2
102.15
103.75
100.13
99.93
106.27
100.73
88.12
110.16
106.56
105.48
102.69
89.53
92.83
98.67
97.59
103.14
98.64
100.61
117.65
114.48
98.17
90.12
92.18
108.62
108.37
96.07
92.69
103.11
91.55
97.78
99.96
91.04
106.67
102.92
112.72
99.74
108.39
97.35
104.06
95.51
96.05
107.03
97.95
103.28
100.69
93.37
106.48
93.06
89.62
94.04
94.51
98.37
81.96
90.88
83.97
100.96
86.07
94.97
79.28
86.58
87.9
103.08
90.84
99.16
105.17
115.65
97.98
93.24
91.1
90.63
89.11
74.9
98.45
89.2
96.05
105.7
105.49
109.83
87.17
86.83
103.2
96.48
106.99
90.95
98.92
109.12
91.92
105.43
93.1
93.88
106.42
99.05
95.79
90.04
77.13
103.12
90.63
103.64
79.62
90.69
94.14
105.66
94.75
92.37
78.34
87.3
89.86
90.23
84.76
95.48
101.74
102.69
90.87
94.25
87.25
90.93
96.45
90.11
99.5
93.27
90.81
77.11
90.02
89.62
87.6
85.99
93.45
85.73
85.88
119.62
98.11
86.2
98.17
99.59
101.2
99.72
105.08
74.74
93.15
111.92
85.2
84.52
97.07
85.26
88.59
92.7
101.47
84.9
94.36
104.85
86.07
97.2
79.04
112.07
103.59
95.09
94.86
100.68
101.56
94.09
80.61
98.22
102.42
82.27
89.09
88.12
98.67
98.18
100.79
86.35
97.77
98.6
91.29
80.25
113.29
101.73
110.06
94.49
108.38
102.03
104.29
83.28
108.5
91.0
104.3
91.77
91.76
98.41
97.77
104.21
90.99
86.48
105.61
87.16
110.52
99.79
87.31
86.86
110.78
103.85
98.89
92.8
92.91
94.82
86.66
99.14
108.71
82.24
104.62
98.87
89.96
102.56
97.76
93.39
87.09
88.57
66.19
95.81
96.69
111.77
92.33
95.15
100.82
99.13
94.64
98.67
93.82
92.62
94.78
90.1
95.99
102.6
84.91
108.7
99.1
101.69
109.35
92.55
104.47
103.61
94.05
89.1
101.69
95.74
89.15
97.24
111.77
88.77
109.74
89.67
86.23
87.72
100.95
82.28
85.5
87.11
86.63
108.83
76.99
90.23
92.6
90.69
96.85
94.76
91.33
86.44
110.61
99.46
104.98
91.73
102.76
86.56
94.97
84.26
91.85
85.55
92.1
99.51
87.78
98.25
94.82
104.37
97.46
107.1
94.32
105.63
84.86
82.25
94.04
118.26
115.74
100.46
99.16
87.7
97.72
86.61
96.66
87.71
92.06
115.04
80.89
111.62
101.36
108.2
94.2
88.97
92.17
96.56
96.88
106.54
98.59
103.27
111.63
111.19
107.38
102.2
101.66
102.07
88.17
85.75
88.14
85.21
86.0
122.34
90.7
93.62
102.2
118.53
114.32
82.76
98.13
85.79
109.49
97.76
107.44
104.31
90.16
89.17
104.9
98.47
92.23
89.81
82.83
98.42
101.29
98.56
87.34
87.43
104.67
93.2
86.31
83.8
96.1
94.63
84.33
91.54
102.64
93.63
97.84
86.4
86.4
87.46
92.41
83.5
95.17
92.22
104.12
109.33
90.05
87.04
95.61
89.63
95.89
89.05
109.81
91.51
103.81
97.61
91.19
113.26
98.02
91.72
100.77
95.0
92.86
102.92
104.36
83.83
92.47
87.14
98.77
101.29
101.72
110.85
110.07
88.92
93.83
88.95
101.97
117.91
104.84
115.0
97.69
104.17
89.8
85.45
83.26
90.3
99.88
105.99
100.84
111.09
94.06
94.93
101.76
108.21
87.39
111.78
106.34
86.26
95.13
94.93
86.46
89.89
96.54
93.17
111.86
105.42
113.5
91.25
100.97
97.82
83.06
95.47
96.46
96.14
101.37
108.74
87.01
93.49
102.53
102.33
101.93
104.49
106.63
95.13
105.01
107.32
100.02
105.78
96.85
109.47
87.41
93.11
109.63
88.78
99.64
104.79
91.16
76.74
84.14
89.32
110.49
94.14
104.11
53.44
84.46
84.2
92.66
90.12
96.18
108.73
87.71
115.26
104.79
104.94
90.74
99.44
96.99
103.74
91.21
93.07
99.66
83.53
96.64
92.36
99.25
93.24
86.6
88.06
94.37
99.37
93.46
106.14
90.88
90.19
93.06
104.45
100.29
101.13
96.73
103.0
85.17
95.92
98.66
97.18
99.7
87.66
99.3
92.18
101.19
104.37
104.4
93.27
88.19
94.67
93.95
95.94
103.86
95.07
92.25
83.36
88.58
114.9
96.42
88.09
102.62
98.46
109.4
107.57
104.09
88.14
92.59
99.16
87.03
93.27
87.42
103.72
90.96
106.44
95.98
105.24
107.29
108.02
96.71
103.88
105.18
91.49
95.49
97.14
100.59
92.14
94.14
85.57
97.53
106.66
98.68
89.35
96.06
96.44
87.06
98.14
85.22
100.25
86.88
103.07
94.6
93.77
94.84
84.51
82.46
111.29
91.23
91.62
94.75
116.55
103.26
109.33
84.08
101.82
97.85
100.44
92.6
102.78
105.64
103.74
90.91
87.97
115.87
91.79
102.62
98.64
92.0
103.38
97.01
91.88
88.03
104.66
100.81
85.27
98.02
85.05
91.63
91.13
98.86
104.87
87.22
91.71
84.96
98.62
89.42
82.34
86.16
95.96
79.34
83.89
93.25
103.15
93.49
87.63
88.85
83.45
104.48
83.97
87.54
86.14
99.07
82.36
99.54
69.59
82.4
95.28
87.38
88.86
96.46
89.12
83.64
87.72
80.13
92.16
81.22
106.14
97.4
83.82
101.47
81.96
100.62
80.66
91.82
65.41
97.76
97.55
69.9
116.91
92.63
88.26
111.79
88.79
103.87
106.16
99.63
96.87
110.02
115.09
84.82
90.94
91.47
92.66
78.21
90.23
104.91
80.5
102.01
91.0
87.69
102.2
90.17
97.9
80.47
88.08
95.29
106.15
90.52
106.15
86.07
98.56
91.77
112.57
73.31
87.23
95.9
98.45
90.71
102.08
82.74
97.52
90.63
109.43
101.15
100.07
89.94
95.73
93.27
98.03
102.8
99.71
99.28
101.69
113.79
92.5
90.77
80.63
96.37
102.61
86.86
105.41
97.44
93.85
103.1
80.47
102.24
91.25
104.07
87.73
93.69
84.42
94.13
93.48
92.36
94.65
95.19
104.24
99.56
91.64
76.8
106.8
97.66
99.12
94.93
101.28
90.9
110.47
102.88
107.7
110.96
85.59
98.77
96.55
102.72
86.93
83.04
100.49
96.3
96.21
101.38
101.23
100.74
98.31
94.15
117.38
89.18
75.96
118.57
91.03
92.01
83.15
106.06
104.74
98.33
106.9
93.21
84.18
90.27
105.23
97.3
91.93
94.04
98.38
110.54
102.89
96.76
98.23
83.05
117.67
114.03
111.04
100.45
116.88
99.41
85.44
93.67
110.57
105.81
119.57
96.77
97.12
97.02
87.19
85.92
87.9
87.63
85.44
98.59
100.02
108.74
103.96
94.2
107.5
82.72
85.34
102.73
99.06
94.65
97.83
110.08
84.6
95.25
92.28
86.13
96.77
98.38
86.85
91.56
96.45
93.66
103.37
117.05
107.55
99.72
89.23
82.43
93.76
84.5
108.72
108.17
99.3
89.61
86.84
90.72
100.48
104.49
88.96
87.97
97.06
117.05
81.32
90.85
84.35
107.48
89.39
105.93
89.09
102.32
104.91
99.66
87.54
98.09
86.67
90.43
99.87
87.85
108.11
106.5
94.8
116.18
107.54
85.19
106.79
93.67
106.97
99.16
91.13
87.07
95.8
89.72
93.29
90.04
76.34
91.59
106.27
87.11
103.37
108.73
118.03
83.05
97.1
89.72
97.95
111.15
103.78
94.85
102.1
84.62
94.64
114.62
98.2
108.69
96.12
80.42
92.15
93.98
95.02
77.52
84.95
96.57
90.06
92.23
90.63
114.47
99.44
101.06
104.91
120.5
94.18
96.7
90.0
94.87
98.33
98.1
92.69
88.9
82.76
107.04
96.62
95.83
91.5
104.17
96.15
100.09
78.03
96.98
78.34
86.64
97.05
98.28
105.96
85.63
107.96
102.07
80.65
94.61
78.29
93.3
87.48
106.29
98.94
99.43
94.06
115.04
96.69
101.8
105.11
106.95
90.04
108.91
90.16
99.68
89.69
100.1
94.48
84.82
97.51
95.3
93.37
92.12
86.09
93.89
93.27
100.71
102.06
99.39
101.66
107.93
95.3
99.12
101.13
98.07
96.77
77.8
117.74
93.48
102.34
91.74
98.53
102.91
87.33
110.25
112.09
103.24
85.95
115.07
102.97
99.43
99.41
93.18
118.58
115.53
99.39
106.93
91.05
85.71
95.28
97.08
114.22
107.05
107.14
107.38
105.49
93.53
98.1
101.3
96.87
103.35
92.22
109.12
103.1
95.97
99.51
96.46
112.04
98.89
94.93
110.03
114.81
98.23
109.2
110.74
101.91
100.15
95.53
88.1
116.16
91.45
99.19
116.74
97.41
93.67
98.44
99.61
101.97
87.72
103.46
78.21
105.71
94.78
104.58
94.46
89.1
93.39
99.46
70.61
105.85
81.68
99.12
99.97
99.91
110.84
97.95
105.73
91.52
109.89
104.35
100.33
114.82
94.69
88.2
88.37
87.65
106.75
89.36
97.07
96.95
114.26
95.97
118.57
103.24
115.17
110.23
76.25
81.06
84.04
85.57
91.62
88.55
105.66
92.07
92.44
107.6
76.54
120.91
95.09
105.09
95.1
73.73
107.14
116.49
104.03
100.2
83.15
84.2
102.32
90.85
105.15
95.07
101.89
96.77
107.64
102.76
94.17
94.37
101.43
95.25
97.49
81.11
94.71
105.15
108.5
94.18
95.37
99.56
106.88
93.21
99.32
99.35
90.2
89.95
103.11
100.33
93.4
95.63
99.59
86.84
102.45
92.77
102.78
104.27
73.79
87.13
83.74
95.65
105.62
97.67
94.47
85.32
98.64
93.1
85.26
116.03
99.66
99.41
75.96
75.64
79.41
89.54
94.46
102.35
90.84
118.56
90.31
94.4
97.29
109.67
108.53
103.64
93.44
113.44
114.26
106.86
85.74
96.13
116.95
89.36
103.71
99.72
99.86
104.05
78.36
94.07
97.95
95.07
115.59
105.83
94.13
97.93
86.93
106.58
88.89
97.01
116.45
103.43
93.01
107.75
98.48
108.58
104.2
105.28
99.66
91.53
96.28
101.79
97.94
91.72
96.47
90.05
82.86
95.06
91.42
100.03
94.4
70.03
84.44
122.5
100.84
118.88
107.26
99.62
100.59
93.05
99.21
103.85
87.15
85.22
102.79
97.77
99.01
100.52
100.12
86.2
103.73
100.34
115.26
87.21
99.92
94.87
100.79
107.11
102.0
96.06
100.71
104.06
97.74
105.85
100.89
84.16
88.0
104.56
92.95
100.73
90.64
88.14
99.4
96.47
79.58
88.43
95.59
97.12
89.8
101.94
85.66
86.48
89.86
97.43
99.04
103.77
111.78
97.83
107.1
100.17
94.5
102.22
91.44
100.07
105.17
80.23
94.41
110.69
109.68
91.65
84.64
95.28
88.57
117.24
97.71
91.22
111.74
97.77
105.83
85.39
94.66
92.02
87.25
86.96
119.39
104.9
101.09
82.03
97.72
92.24
90.93
112.59
87.6
60.47
52.4
50.5
58.39
60.6
71.26
65.14
51.56
61.17
